Nz1 = 371
Nz2 = 281
Nt = 70001
Ne = 128
Lz = 37.000000
Lzi = 28.000000
Tend = 700.000000
ZetaEx = 37.000000
Delta = 0.500000
I0 = 0.002700
dz = 0.100000
dt = 0.010000
tol = 1e-09
INTT = 1
INTZ = 1
a0 = 0.100000
